DIMENSION : 100
1 30133.3333 57633.3333
2 30166.6667 57100.0000
3 30233.3333 57583.3333
4 30250.0000 56850.0000
5 30250.0000 56950.0000
6 30250.0000 57583.3333
7 30300.0000 56966.6667
8 30316.6667 56816.6667
9 30400.0000 56466.6667
10 30400.0000 56783.3333
11 30433.3333 57433.3333
12 30466.6667 56550.0000
13 30483.3333 56516.6667
14 30500.0000 56450.0000
15 30500.0000 56666.6667
16 30550.0000 57866.6667
17 30566.6667 56883.3333
18 30600.0000 57683.3333
19 30616.6667 56900.0000
20 30633.3333 56166.6667
21 30683.3333 57033.3333
22 30683.3333 57516.6667
23 30716.6667 56600.0000
24 30733.3333 56733.3333
25 30733.3333 57316.6667
26 30750.0000 56750.0000
27 30783.3333 57783.3333
28 30833.3333 56750.0000
29 30866.6667 56366.6667
30 30900.0000 55516.6667
31 30916.6667 56300.0000
32 30933.3333 55483.3333
33 30933.3333 55550.0000
34 30950.0000 56650.0000
35 30966.6667 55550.0000
36 30966.6667 57533.3333
37 31000.0000 55683.3333
38 31000.0000 56250.0000
39 31016.6667 56566.6667
40 31033.3333 56600.0000
41 31033.3333 56883.3333
42 31083.3333 56016.6667
43 31083.3333 56516.6667
44 31083.3333 57016.6667
45 31083.3333 57516.6667
46 31083.3333 57600.0000
47 31083.3333 57833.3333
48 31100.0000 55666.6667
49 31100.0000 55983.3333
50 31100.0000 57016.6667
51 31116.6667 56466.6667
52 31166.6667 55750.0000
53 31166.6667 57000.0000
54 31166.6667 57083.3333
55 31183.3333 56283.3333
56 31183.3333 56933.3333
57 31200.0000 55750.0000
58 31200.0000 57233.3333
59 31216.6667 55666.6667
60 31216.6667 56316.6667
61 31233.3333 55633.3333
62 31233.3333 55883.3333
63 31233.3333 57116.6667
64 31250.0000 55333.3333
65 31250.0000 55950.0000
66 31250.0000 56833.3333
67 31250.0000 57166.6667
68 31250.0000 57200.0000
69 31283.3333 56433.3333
70 31300.0000 55866.6667
71 31300.0000 56016.6667
72 31300.0000 57066.6667
73 31300.0000 57100.0000
74 31300.0000 57133.3333
75 31300.0000 57150.0000
76 31300.0000 57200.0000
77 31300.0000 57700.0000
78 31316.6667 55200.0000
79 31333.3333 57800.0000
80 31333.3333 57833.3333
81 31333.3333 57883.3333
82 31350.0000 55383.3333
83 31350.0000 56633.3333
84 31350.0000 57783.3333
85 31350.0000 57800.0000
86 31350.0000 57983.3333
87 31366.6667 55083.3333
88 31366.6667 55666.6667
89 31366.6667 55850.0000
90 31383.3333 55866.6667
91 31383.3333 57966.6667
92 31400.0000 56366.6667
93 31400.0000 57783.3333
94 31416.6667 54916.6667
95 31416.6667 56683.3333
96 31433.3333 55233.3333
97 31450.0000 55416.6667
98 31450.0000 56383.3333
99 31466.6667 55166.6667
100 31466.6667 56833.3333
EOF
